0 0
0.1 0
0.2 0.001
0.3 0.005
0.4 0.014
0.5 0.03
0.6 0.055
0.7 0.091
0.8 0.14
0.9 0.204
1 0.285
1.1 0.385
1.2 0.506
1.3 0.65
1.4 0.819
1.5 1.015
1.6 1.24
1.7 1.496
1.8 1.785
1.9 2.109
2 2.47
2.1 2.87
2.2 3.311
2.3 3.795
2.4 4.324
2.5 4.9
2.6 5.525
2.7 6.201
2.8 6.93
2.9 7.714
3 8.555
3.1 9.455
3.2 10.416
3.3 11.44
3.4 12.529
3.5 13.685
3.6 14.91
3.7 16.206
3.8 17.575
3.9 19.019
4 20.54
4.1 22.14
4.2 23.821
4.3 25.585
4.4 27.434
4.5 29.37
4.6 31.395
4.7 33.511
4.8 35.72
4.9 38.024
5 40.425
5.1 42.925
5.2 45.526
5.3 48.23
5.4 51.039
5.5 53.955
5.6 56.98
5.7 60.116
5.8 63.365
5.9 66.729
6 70.21
6.1 73.81
6.2 77.531
6.3 81.375
6.4 85.344
6.5 89.44
6.6 93.665
6.7 98.021
6.8 102.51
6.9 107.134
7 111.895
7.1 116.795
7.2 121.836
7.3 127.02
7.4 132.349
7.5 137.825
7.6 143.45
7.7 149.226
7.8 155.155
7.9 161.239
8 167.48
8.1 173.88
8.2 180.441
8.3 187.165
8.4 194.054
8.5 201.11
8.6 208.335
8.7 215.731
8.8 223.3
8.9 231.044
9 238.965
9.1 247.065
9.2 255.346
9.3 263.81
9.4 272.459
9.5 281.295
9.6 290.32
9.7 299.536
9.8 308.945
9.9 318.549