0.01 0.793292 0.931694
0.02 0.801264 0.867028
0.03 0.809317 0.805802
0.04 0.817451 0.747828
0.05 0.825666 0.692926
0.06 0.833964 0.640929
0.07 0.842346 0.591676
0.08 0.850812 0.545016
0.09 0.859362 0.500808
0.1 0.867999 0.458917
0.11 0.876723 0.419216
0.12 0.885534 0.381583
0.13 0.894434 0.345907
0.14 0.903423 0.31208
0.15 0.912502 0.279999
0.16 0.921673 0.249571
0.17 0.930936 0.220703
0.18 0.940292 0.193311
0.19 0.949742 0.167314
0.2 0.959287 0.142636
0.21 0.968928 0.119204
0.22 0.978666 0.0969511
0.23 0.988502 0.0758124
0.24 0.998437 0.0557273
0.25 1.00847 0.0366385
0.26 1.01861 0.0184919
0.27 1.02884 0.00123649
0.28 1.03918 -0.0151761
0.29 1.04963 -0.0307914
0.3 1.06018 -0.0456524
0.31 1.07083 -0.0597997
0.32 1.08159 -0.0732715
0.33 1.09246 -0.0861041
0.34 1.10344 -0.0983314
0.35 1.11453 -0.109986
0.36 1.12573 -0.121097
0.37 1.13705 -0.131695
0.38 1.14848 -0.141805
0.39 1.16002 -0.151454
0.4 1.17168 -0.160665
0.41 1.18345 -0.169461
0.42 1.19535 -0.177863
0.43 1.20736 -0.185891
0.44 1.21949 -0.193564
0.45 1.23175 -0.2009
0.46 1.24413 -0.207915
0.47 1.25663 -0.214625
0.48 1.26926 -0.221044
0.49 1.28202 -0.227187
0.5 1.2949 -0.233067
0.51 1.30792 -0.238696
0.52 1.32106 -0.244084
0.53 1.33434 -0.249244
0.54 1.34775 -0.254184
0.55 1.36129 -0.258914
0.56 1.37497 -0.263443
0.57 1.38879 -0.26778
0.58 1.40275 -0.27193
0.59 1.41685 -0.275903
0.6 1.43109 -0.279703
0.61 1.44547 -0.283338
0.62 1.46 -0.286813
0.63 1.47467 -0.290133
0.64 1.48949 -0.293302
0.65 1.50446 -0.296326
0.66 1.51958 -0.299209
0.67 1.53485 -0.301953
0.68 1.55028 -0.304562
0.69 1.56586 -0.30704
0.7 1.5816 -0.309389
0.71 1.59749 -0.311611
0.72 1.61355 -0.313709
0.73 1.62976 -0.315685
0.74 1.64614 -0.317539
0.75 1.66269 -0.319275
0.76 1.6794 -0.320891
0.77 1.69628 -0.322391
0.78 1.71332 -0.323773
0.79 1.73054 -0.32504
0.8 1.74794 -0.326191
0.81 1.7655 -0.327226
0.82 1.78325 -0.328146
0.83 1.80117 -0.32895
0.84 1.81927 -0.329638
0.85 1.83755 -0.330209
0.86 1.85602 -0.330664
0.87 1.87468 -0.331
0.88 1.89352 -0.331218
0.89 1.91255 -0.331315
0.9 1.93177 -0.331292
0.91 1.95118 -0.331147
0.92 1.97079 -0.330879
0.93 1.9906 -0.330485
0.94 2.0106 -0.329965
0.95 2.03081 -0.329317
0.96 2.05122 -0.32854
0.97 2.07184 -0.327631
0.98 2.09266 -0.326589
0.99 2.11369 -0.325412
1 2.13493 -0.324098
1.01 2.15639 -0.322645
1.02 2.17806 -0.321051
1.03 2.19995 -0.319314
1.04 2.22206 -0.317431
1.05 2.24439 -0.315402
1.06 2.26695 -0.313223
1.07 2.28973 -0.310892
1.08 2.31275 -0.308408
1.09 2.33599 -0.305768
1.1 2.35947 -0.30297
1.11 2.38318 -0.300012
1.12 2.40713 -0.296891
1.13 2.43132 -0.293607
1.14 2.45576 -0.290156
1.15 2.48044 -0.286537
1.16 2.50537 -0.282748
1.17 2.53055 -0.278787
1.18 2.55598 -0.274652
1.19 2.58167 -0.270341
1.2 2.60761 -0.265854
1.21 2.63382 -0.261188
1.22 2.66029 -0.256343
1.23 2.68703 -0.251316
1.24 2.71403 -0.246108
1.25 2.74131 -0.240716
1.26 2.76886 -0.235141
1.27 2.79669 -0.229381
1.28 2.82479 -0.223436
1.29 2.85318 -0.217306
1.3 2.88186 -0.210992
1.31 2.91082 -0.204492
1.32 2.94008 -0.197808
1.33 2.96962 -0.190941
1.34 2.99947 -0.183891
1.35 3.02961 -0.17666
1.36 3.06006 -0.169249
1.37 3.09082 -0.161661
1.38 3.12188 -0.153897
1.39 3.15326 -0.14596
1.4 3.18495 -0.137853
1.41 3.21696 -0.12958
1.42 3.24929 -0.121143
1.43 3.28194 -0.112548
1.44 3.31493 -0.103798
1.45 3.34824 -0.0948992
1.46 3.38189 -0.0858565
1.47 3.41588 -0.0766759
1.48 3.45021 -0.0673638
1.49 3.48489 -0.057927
1.5 3.51991 -0.0483731
1.51 3.55529 -0.0387099
1.52 3.59102 -0.028946
1.53 3.62711 -0.0190904
1.54 3.66356 -0.00915271
1.55 3.70038 0.000856895
1.56 3.73757 0.0109276
1.57 3.77513 0.0210481
1.58 3.81307 0.0312064
1.59 3.8514 0.0413899
1.6 3.8901 0.0515854
1.61 3.9292 0.0617791
1.62 3.96869 0.0719567
1.63 4.00857 0.082103
1.64 4.04886 0.0922024
1.65 4.08955 0.102239
1.66 4.13065 0.112195
1.67 4.17217 0.122054
1.68 4.2141 0.131798
1.69 4.25645 0.141408
1.7 4.29923 0.150864
1.71 4.34244 0.160149
1.72 4.38608 0.16924
1.73 4.43016 0.178119
1.74 4.47468 0.186763
1.75 4.51965 0.195152
1.76 4.56508 0.203263
1.77 4.61096 0.211076
1.78 4.6573 0.218567
1.79 4.7041 0.225715
1.8 4.75138 0.232497
1.81 4.79913 0.23889
1.82 4.84737 0.244871
1.83 4.89608 0.25042
1.84 4.94529 0.255512
1.85 4.99499 0.260126
1.86 5.04519 0.26424
1.87 5.0959 0.267834
1.88 5.14711 0.270886
1.89 5.19884 0.273376
1.9 5.25109 0.275286
1.91 5.30386 0.276596
1.92 5.35717 0.277289
1.93 5.41101 0.27735
1.94 5.46539 0.276762
1.95 5.52032 0.275513
1.96 5.5758 0.27359
1.97 5.63184 0.270982
1.98 5.68844 0.267681
1.99 5.74561 0.263681
2 5.80335 0.258975
2.01 5.86168 0.253563
2.02 5.92059 0.247443
2.03 5.98009 0.240618
2.04 6.04019 0.233094
2.05 6.1009 0.224876
2.06 6.16221 0.215978
2.07 6.22414 0.206411
2.08 6.2867 0.196193
2.09 6.34988 0.185343
2.1 6.41369 0.173886
2.11 6.47815 0.161847
2.12 6.54326 0.149258
2.13 6.60902 0.136151
2.14 6.67544 0.122565
2.15 6.74253 0.108541
2.16 6.8103 0.0941227
2.17 6.87874 0.079359
2.18 6.94787 0.0643019
2.19 7.0177 0.0490068
2.2 7.08823 0.0335327
2.21 7.15947 0.0179419
2.22 7.23142 0.00229961
2.23 7.3041 -0.0133256
2.24 7.37751 -0.0288626
2.25 7.45165 -0.0442376
2.26 7.52654 -0.0593749
2.27 7.60218 -0.0741964
2.28 7.67859 -0.0886229
2.29 7.75576 -0.102574
2.3 7.8337 -0.115968
2.31 7.91243 -0.128725
2.32 7.99196 -0.140762
2.33 8.07228 -0.152001
2.34 8.1534 -0.162362
2.35 8.23535 -0.17177
2.36 8.31811 -0.180152
2.37 8.40171 -0.187437
2.38 8.48615 -0.19356
2.39 8.57144 -0.198461
2.4 8.65758 -0.202087
2.41 8.74459 -0.20439
2.42 8.83248 -0.20533
2.43 8.92125 -0.204875
2.44 9.01091 -0.203004
2.45 9.10147 -0.199705
2.46 9.19294 -0.194976
2.47 9.28533 -0.188826
2.48 9.37865 -0.181278
2.49 9.4729 -0.172366
2.5 9.56811 -0.162137
2.51 9.66427 -0.150652
2.52 9.7614 -0.137985
2.53 9.8595 -0.124225
2.54 9.95859 -0.109472
2.55 10.0587 -0.0938419
2.56 10.1598 -0.0774617
2.57 10.2619 -0.0604715
2.58 10.365 -0.0430229
2.59 10.4692 -0.025278
2.6 10.5744 -0.00740786
2.61 10.6807 0.0104085
2.62 10.788 0.027986
2.63 10.8964 0.0451354
2.64 11.0059 0.0616652
2.65 11.1166 0.0773843
2.66 11.2283 0.092104
2.67 11.3411 0.105641
2.68 11.4551 0.117819
2.69 11.5702 0.128475
2.7 11.6865 0.137456
2.71 11.804 0.144628
2.72 11.9226 0.149875
2.73 12.0424 0.153103
2.74 12.1634 0.154243
2.75 12.2857 0.153252
2.76 12.4092 0.150117
2.77 12.5339 0.144854
2.78 12.6598 0.137513
2.79 12.7871 0.128175
2.8 12.9156 0.116955
2.81 13.0454 0.104003
2.82 13.1765 0.0894998
2.83 13.3089 0.0736573
2.84 13.4427 0.0567181
2.85 13.5778 0.0389509
2.86 13.7143 0.0206479
2.87 13.8521 0.00212055
2.88 13.9913 -0.0163048
2.89 14.1319 -0.0342926
2.9 14.2739 -0.0515042
2.91 14.4174 -0.0676039
2.92 14.5623 -0.0822661
2.93 14.7086 -0.0951827
2.94 14.8565 -0.106071
2.95 15.0058 -0.114679
2.96 15.1566 -0.120797
2.97 15.3089 -0.12426
2.98 15.4628 -0.124958
2.99 15.6182 -0.122839
3 15.7751 -0.117914
3.01 15.9337 -0.110264
3.02 16.0938 -0.100035
3.03 16.2556 -0.0874459
3.04 16.4189 -0.0727808
3.05 16.584 -0.0563881
3.06 16.7506 -0.0386739
3.07 16.919 -0.0200938
3.08 17.089 -0.00114244
3.09 17.2608 0.0176583
3.1 17.4342 0.0357737
3.11 17.6094 0.0526717
3.12 17.7864 0.0678394
3.13 17.9652 0.0808002
3.14 18.1457 0.091131
3.15 18.3281 0.0984789
3.16 18.5123 0.102576
3.17 18.6984 0.103254
3.18 18.8863 0.100454
3.19 19.0761 0.0942324
3.2 19.2678 0.0847699
3.21 19.4614 0.0723659
3.22 19.657 0.0574363
3.23 19.8546 0.040503
3.24 20.0541 0.0221798
3.25 20.2557 0.00315336
3.26 20.4593 -0.0158406
3.27 20.6649 -0.0340439
3.28 20.8726 -0.0507064
3.29 21.0823 -0.0651177
3.3 21.2942 -0.0766401
3.31 21.5082 -0.0847405
3.32 21.7244 -0.0890201
3.33 21.9427 -0.0892406
3.34 22.1633 -0.0853438
3.35 22.386 -0.0774651
3.36 22.611 -0.0659371
3.37 22.8382 -0.0512844
3.38 23.0677 -0.0342066
3.39 23.2996 -0.0155516
3.4 23.5337 0.00372223
3.41 23.7703 0.0225924
3.42 24.0092 0.0400265
3.43 24.2505 0.0550402
3.44 24.4942 0.0667569
3.45 24.7404 0.0744655
3.46 24.989 0.0776709
3.47 25.2401 0.0761355
3.48 25.4938 0.0699064
3.49 25.75 0.0593271
3.5 26.0088 0.045029
3.51 26.2702 0.0279052
3.52 26.5342 0.00906345
3.53 26.8009 -0.0102383
3.54 27.0703 -0.0286713
3.55 27.3423 -0.0449267
3.56 27.6171 -0.0578111
3.57 27.8947 -0.0663408
3.58 28.175 -0.0698276
3.59 28.4582 -0.0679478
3.6 28.7442 -0.0607883
3.61 29.0331 -0.0488616
3.62 29.3249 -0.0330869
3.63 29.6196 -0.0147346
3.64 29.9173 0.00466453
3.65 30.2179 0.0234409
3.66 30.5216 0.0399284
3.67 30.8284 0.0526179
3.68 31.1382 0.0603056
3.69 31.4511 0.0622227
3.7 31.7672 0.0581312
3.71 32.0865 0.048373
3.72 32.409 0.0338635
3.73 32.7347 0.0160274
3.74 33.0637 -0.00332469
3.75 33.396 -0.0221679
3.76 33.7316 -0.0384701
3.77 34.0706 -0.0504149
3.78 34.413 -0.0566177
3.79 34.7589 -0.0563067
3.8 35.1082 -0.0494476
3.81 35.4611 -0.0367871
3.82 35.8175 -0.0198036
3.83 36.1774 -0.00056045
3.84 36.541 0.0185274
3.85 36.9083 0.0349917
3.86 37.2792 0.0466372
3.87 37.6539 0.0518535
3.88 38.0323 0.0498667
3.89 38.4145 0.0408882
3.9 38.8006 0.0261319
3.91 39.1905 0.00768624
3.92 39.5844 -0.011753
3.93 39.9822 -0.0292598
3.94 40.3841 -0.0421168
3.95 40.7899 -0.0482541
3.96 41.1999 -0.0466158
3.97 41.614 -0.0373884
3.98 42.0322 -0.0220352
3.99 42.4546 -0.00311314
4 42.8813 0.0161192
4.01 43.3123 0.0322496
4.02 43.7475 0.0423284
4.03 44.1872 0.04444
4.04 44.6313 0.0381161
4.05 45.0799 0.0244942
4.06 45.5329 0.00617211
4.07 45.9905 -0.0132408
4.08 46.4527 -0.029807
4.09 46.9196 -0.0400613
4.1 47.3912 -0.0417684
4.11 47.8674 -0.0344717
4.12 48.3485 -0.0196881
4.13 48.8344 -0.000668894
4.14 49.3252 0.0182617
4.15 49.8209 0.0326716
4.16 50.3217 0.0390816
4.17 50.8274 0.0358627
4.18 51.3382 0.0237295
4.19 51.8542 0.0056701
4.2 52.3753 -0.0137163
4.21 52.9017 -0.0293485
4.22 53.4334 -0.0370002
4.23 53.9704 -0.0344998
4.24 54.5128 -0.0224435
4.25 55.0607 -0.00417017
4.26 55.614 0.0150721
4.27 56.173 0.0295932
4.28 56.7375 0.0349679
4.29 57.3077 0.0294651
4.3 57.8837 0.0147192
4.31 58.4654 -0.00463633
4.32 59.053 -0.0223354
4.33 59.6465 -0.032481
4.34 60.246 -0.0315612
4.35 60.8514 -0.0197871
4.36 61.463 -0.00120945
4.37 62.0807 0.0175487
4.38 62.7046 0.0296066
4.39 63.3348 0.0303999
4.4 63.9714 0.0195346
4.41 64.6143 0.00113432
4.42 65.2637 -0.0175828
4.43 65.9196 -0.0290666
4.44 66.5821 -0.0285239
4.45 67.2512 -0.01607
4.46 67.9271 0.0030716
4.47 68.6098 0.0206015
4.48 69.2993 0.0287042
4.49 69.9958 0.0236306
4.5 70.6993 0.0076219
4.51 71.4098 -0.0118722
4.52 72.1275 -0.025525
4.53 72.8524 -0.0266033
4.54 73.5846 -0.0144557
4.55 74.3241 0.00485166
4.56 75.0711 0.0213598
4.57 75.8256 0.0263166
4.58 76.5876 0.0169646
4.59 77.3573 -0.00167116
4.6 78.1348 -0.0192413
4.61 78.9201 -0.0257207
4.62 79.7132 -0.0172477
4.63 80.5144 0.00128373
4.64 81.3235 0.0187588
4.65 82.1409 0.0244108
4.66 82.9664 0.0146104
4.67 83.8002 -0.00449319
4.68 84.6424 -0.0205373
4.69 85.4931 -0.0228553
4.7 86.3523 -0.00976685
4.71 87.2202 0.00982932
4.72 88.0967 0.0222168
4.73 88.9821 0.0184823
4.74 89.8764 0.00123809
4.75 90.7797 -0.0168119
4.76 91.692 -0.022024
4.77 92.6136 -0.0102814
4.78 93.5443 0.0093208
4.79 94.4845 0.0211502
4.8 95.4341 0.0155146
4.81 96.3932 -0.00301963
4.82 97.362 -0.0188735
4.83 98.3405 -0.0183772
4.84 99.3288 -0.001847
4.85 100.327 0.0160516
4.86 101.335 0.0190325
4.87 102.354 0.00424489
4.88 103.382 -0.0144643
4.89 104.421 -0.019141
4.9 105.471 -0.00511199
4.91 106.531 0.0137549
4.92 107.602 0.01833
4.93 108.683 0.00380714
4.94 109.775 -0.0146398
4.95 110.879 -0.0172738
4.96 111.993 -0.00112303
4.97 113.118 0.01598
4.98 114.255 0.0146989
4.99 115.404 -0.00358121
5 116.563 -0.0175373